0	56194
2	221298
2	184280
2	100835
2	165563
2	247719
2	222994
2	239649
2	17135
2	210923
2	145833
3	20359
3	167210
3	52343
3	65209
3	163305
3	85664
3	12666
3	12667
3	47975
3	15879
3	52863
3	119563
3	122494
3	98449
3	142064
3	88538
3	95556
3	185117
3	233481
3	200416
3	27560
3	238668
3	764
3	168925
3	169776
3	4686
3	228460
3	195440
3	6301
3	211353
3	84767
3	234913
3	45016
3	46003
3	181566
3	147564
3	144589
3	94549
3	116895
5	15374
5	94968
5	67666
6	30230
6	44979
6	72123
6	243855
6	5251
6	164179
6	17182
6	89517
6	60509
6	87111
6	117867
6	230536
6	122069
6	205729
6	200674
6	17645
6	175889
6	218214
6	242272
6	77582
6	16697
6	186210
7	3309
7	224969
7	226631
7	222776
7	251406
10	210375
10	56494
13	23402
14	75454
14	126270
14	219337
14	1773
15	147891
15	200331
17	173294
17	229428
17	223275
17	136883
17	87249
17	109005
18	215537
18	168599
19	36117
19	216212
19	82600
19	242234
19	111579
19	79964
20	211412
20	142571
20	84715
20	171262
20	106502
20	216145
20	191462
20	107202
20	51569
20	119792
20	12060
20	10455
20	239880
20	28490
20	112729
20	82600
20	144134
20	249155
20	30500
20	105433
20	223688
20	232452
20	1209
20	81546
20	119487
20	33265
20	31284
20	75832
20	169159
20	142800
20	57435
20	113266
20	112191
20	199461
20	46003
20	81261
20	15374
20	128122
20	161219
20	147928
20	180766
20	31204
21	184483
21	20054
21	190715
23	101799
24	127317
24	228509
29	142477
29	66725
33	112652
33	55940
34	133877
34	82417
34	61847
34	142776
34	52977
34	126921
34	159167
34	14489
34	92270
34	16084
34	159479
35	106954
35	47361
35	46735
35	82025
35	116343
35	159178
35	25983
35	106055
35	137357
35	220242
35	205500
35	8640
35	172108
39	36129
39	53915
39	101995
39	67193
39	79382
39	243855
39	118649
39	212934
39	236888
39	139406
39	60040
39	228549
39	216451
39	213212
39	174110
39	199299
39	45316
39	164008
39	92664
39	234336
39	245454
39	121605
39	229295
39	108914
39	60749
39	140723
39	64731
39	85613
39	223685
39	192269
39	43161
39	166798
39	30706
39	144209
39	47209
39	28336
39	21423
39	224374
39	124170
39	136883
39	114551
39	62839
39	65295
39	48024
39	251503
39	136020
39	72223
39	8214
39	3900
39	194838
39	33407
39	122528
39	123488
39	61940
39	193134
39	220662
39	34131
39	101016
39	37898
39	135564
39	143465
39	230255
39	15374
39	187796
39	53682
39	226181
39	46566
39	91264
39	85518
39	111520
39	92844
39	62731
39	121026
42	74558
42	81612
42	143465
42	134268
42	1378
42	194615
44	144424
45	131331
45	79381
47	183565
47	27304
47	154484
47	7194
48	52323
48	208733
49	145659
52	145139
54	92000
55	96978
56	34848
56	161821
56	56006
56	214126
56	55674
56	118883
56	138519
56	195599
56	34918
56	4928
56	148466
58	158781
58	172753
59	18875
59	109151
59	133642
59	2094
59	185972
59	161703
59	234449
59	185144
59	111599
59	209728
59	160023
59	3644
59	20104
59	123278
59	135058
59	99187
59	76519
59	237946
59	54341
59	12876
59	210180
59	29168
59	251260
59	179558
59	78236
59	150087
59	165150
59	46975
59	67994
59	204754
59	141164
60	39157
60	9149
60	53717
60	135484
60	219048
60	195080
60	5436
60	224651
60	17865
60	234557
60	10230
60	184616
60	166034
60	107616
61	227854
61	105031
61	196386
62	19174
66	232801
66	178705
66	207227
66	92584
69	132484
71	232721
71	133575
71	185518
71	84922
71	226318
71	13580
71	216271
71	181632
71	185811
71	184648
71	157262
71	157634
71	198264
71	54422
71	214494
71	104361
71	115077
71	217772
71	221810
71	53058
71	75357
72	233357
72	5169
72	227854
72	165787
72	113176
72	59874
72	24213
72	162517
72	145437
72	134680
72	49804
74	148587
74	83539
82	240622
82	236664
82	232384
82	232575
82	116900
82	54448
82	186873
82	118391
82	159277
82	71152
82	65782
91	115097
91	60681
91	34402
92	243013
93	75363
93	1594
93	56389
96	228956
96	35810
96	132215
96	224463
96	182531
96	190013
96	54018
96	201323
96	209362
96	126562
98	216104
98	21469
98	100521
98	82600
98	200539
98	127588
99	224639
99	81206
102	28237
102	194435
102	47007
102	136349
103	21960
103	206230
105	67093
105	246324
105	37136
105	151331
105	15374
105	162882
105	229767
105	242421
105	119652
105	144072
105	119208
105	248447
105	58356
105	213817
105	91169
105	208849
105	217873
105	6306
105	148365
105	37398
105	219774
105	220549
105	208930
105	146000
105	58531
105	80692
105	219141
105	47779
105	61573
105	146028
105	210550
105	119508
105	228191
105	195515
105	37125
106	1692
107	4273
110	87393
110	164187
110	238582
110	205156
110	77824
110	193123
110	220132
110	52050
111	48082
111	114492
111	57054
111	49766
111	142944
111	174315
111	218292
111	65857
111	57345
111	65314
111	39802
111	225790
112	26935
114	244772
116	110827
116	29290
116	243404
118	109598
118	176551
118	136413
118	164613
119	164417
121	138581
121	114832
121	70112
121	106071
121	179884
121	189940
121	109626
121	207619
121	225790
121	205688
121	6581
121	6616
121	48847
121	145619
121	221835
121	51894
121	65733
121	235401
121	227363
121	94395
121	200243
121	13788
121	156173
121	163904
121	228207
121	243652
121	228149
121	148848
121	69814
121	187915
121	145528
121	174609
121	99324
121	127062
121	105264
121	164591
121	231144
121	159601
121	19111
121	21871
121	69321
123	194407
123	173353
123	76044
123	88080
123	115254
123	167332
124	124200
124	218599
124	82619
124	246376
125	88323
125	134009
125	35282
125	13719
125	65009
125	51013
125	147956
125	98123
125	183325
125	149035
125	225661
125	132762
125	215232
125	46667
125	208559
125	9046
125	200128
125	83228
125	229934
125	142201
125	185717
129	72665
130	189557
130	188789
130	52226
130	112591
130	162512
130	8233
130	233226
131	162314
131	182361
131	49879
131	132607
132	220194
132	132112
132	130552
132	5535
132	180621
132	209331
132	226472
132	93838
132	24045
132	112488
132	160086
132	147891
132	15341
132	57569
132	195729
132	159178
132	35586
132	202994
132	99234
132	80605
132	40101
132	12735
132	162892
132	246993
132	171820
132	11943
132	218755
132	91212
132	154890
132	75148
132	63611
132	250441
132	250288
132	208167
132	132268
132	7760
132	192540
132	203472
132	245922
132	122310
132	78711
132	29891
132	186715
132	73620
132	238938
132	146104
132	90878
132	121119
132	160362
132	80460
134	201201
134	248005
134	38968
134	57991
134	228316
134	186715
134	210098
134	73026
135	58508
135	145395
136	88738
137	205902
139	86312
140	181581
141	164179
141	197100
142	148229
142	95975
142	4273
142	228434
142	226779
142	71766
142	79699
142	60664
142	208035
142	118067
143	93044
143	75306
143	88136
144	66243
144	11192
144	129787
145	178951
145	51222
145	15718
145	245053
145	28671
145	5396
145	103158
145	106154
145	157032
145	27737
145	218972
145	18200
145	15382
147	239331
147	180896
149	230674
150	164388
150	160282
151	36496
151	245369
151	108460
151	187263
151	16698
151	186828
151	128939
151	39735
151	110481
151	229820
151	207830
151	21380
151	213004
151	75184
151	40540
151	176124
151	4673
151	42659
151	241098
151	155361
151	236074
151	72520
151	112876
151	115796
151	162935
151	61716
151	66658
151	108281
151	124269
151	234293
151	103061
151	211353
151	227832
151	161769
151	46391
151	125237
151	222460
151	239880
151	218889
151	133817
151	179658
151	175453
151	51086
151	95570
151	176183
151	43038
151	79143
151	153447
151	227186
151	67439
151	215578
151	185405
151	73059
151	171638
151	94854
151	202241
151	210672
151	97356
151	88762
151	109990
151	69210
151	100267
151	138354
151	86410
151	51132
151	220768
151	119792
151	202502
151	6519
151	157716
151	194560
151	77551
151	77801
151	99363
151	166992
151	160803
151	173830
151	76354
151	105436
151	166997
151	184969
151	220345
151	149774
151	35480
151	107498
151	169474
151	43016
151	12627
151	165279
151	202627
151	241497
151	68542
151	182414
151	211209
151	169246
151	31953
151	227787
151	101654
151	167210
151	87129
151	114439
151	218369
151	208778
151	229295
151	98449
151	17801
151	21541
151	76880
151	81546
151	162142
151	6608
151	94957
151	120654
151	188991
151	111354
151	155563
151	35325
151	29759
151	40988
151	241554
151	57698
151	161698
151	223353
151	112901
151	234556
152	96276
154	212067
154	230674
155	41244
159	212399
160	8491
160	245600
160	194667
160	231492
160	116980
160	108607
160	8229
160	171688
160	160152
160	215699
160	190498
160	28500
160	75304
160	33488
160	136828
160	190893
160	241997
160	106416
160	191399
160	180932
160	210358
160	10641
160	71002
160	56527
160	215691
160	69538
160	34812
164	163826
165	42591
165	112546
165	182650
165	139196
165	77829
165	186715
165	162781
165	7218
165	233155
165	57345
165	5467
165	13369
165	63182
165	138589
166	57541
166	51599
166	104371
166	4789
166	212464
166	133797
166	95250
166	44498
166	223899
166	39894
166	204127
166	39246
167	194080
168	133121
168	188998
168	220835
168	138848
168	139768
168	51587
168	79009
168	165279
168	117008
169	157363
169	13876
170	97645
170	165291
170	91151
170	210144
170	59612
170	192493
170	10695
170	197716
170	82417
170	86546
170	1209
170	195717
170	213709
170	251179
170	142776
170	203482
170	61256
170	174256
170	119894
170	128611
170	216114
170	46189
170	1138
170	29657
170	141787
170	75453
172	244092
179	184959
180	165291
180	48082
180	98053
180	180896
180	210571
180	72123
180	232138
180	63133
180	250966
180	19111
180	103855
180	178089
180	224519
180	201443
180	159105
181	36390
181	90152
181	177365
181	30433
181	233256
181	68619
181	143465
181	137593
181	58851
181	65719
181	76031
181	192269
181	43333
181	162365
181	197869
187	15374
187	62272
188	55040
188	1594
189	71807
189	12773
189	175656
189	244003
189	137376
189	97083
189	25134
189	167693
189	130537
189	194362
189	187368
189	41914
189	34168
190	26493
190	3095
190	30550
190	42749
190	228539
191	75008
193	132199
193	242349
193	248447
193	134585
193	98507
193	50768
193	184738
193	123706
195	83442
195	25795
195	182860
195	180896
195	153168
195	25472
195	197146
195	117733
195	156855
195	71521
195	140458
195	109565
195	144941
195	72926
195	2444
195	189695
195	220239
195	167332
195	239310
195	95556
195	66864
195	29400
195	142809
195	222213
195	175873
195	176188
195	138356
195	25305
195	11876
195	86930
195	167089
195	34043
195	98181
195	80614
195	91327
195	101029
195	193902
195	141493
195	113831
195	21051
195	63557
195	24213
195	111081
195	179763
195	151697
195	22450
195	19548
195	219879
195	200020
195	28999
195	14767
195	55832
195	170101
195	31268
195	47909
195	45642
195	93682
195	62973
196	139908
196	34100
196	34830
196	86410
196	69796
198	48082
198	251775
198	249644
198	37545
199	134570
199	30411
199	117789
199	207599
199	9383
199	56454
199	164531
199	100279
199	154153
199	85251
199	239393
200	6070
200	52510
200	39905
200	229269
200	9524
200	217547
200	3043
200	102938
200	207714
200	210905
200	210921
202	142984
205	124107
205	72018
205	227854
205	180621
205	97164
205	158889
205	15341
205	44099
205	124408
205	26689
205	70699
205	207712
205	150823
205	148361
205	11528
205	125195
205	107602
205	174315
205	184618
205	85453
205	238487
205	107245
205	176646
205	25833
208	243359
208	37004
208	238897
208	210970
208	245626
208	113176
208	213260
208	167332
208	52087
208	6402
208	52198
208	82600
208	193963
208	174432
208	204596
208	90140
208	244516
208	186375
208	229206
208	48101
208	23303
208	3232
208	210369
208	127993
208	191508
208	87645
208	86420
208	100540
208	146296
208	151191
208	204643
208	189695
208	46391
208	77282
208	180165
208	155406
208	149436
208	167634
208	71831
208	64459
208	175453
208	39801
208	183921
208	232913
208	224201
208	115920
208	48653
208	181193
208	139788
208	79051
208	136413
208	179064
208	133586
208	16245
208	8211
208	3569
208	212412
208	110412
208	60051
208	115103
208	10191
208	53400
208	182731
208	208990
208	86930
208	242249
208	52128
208	7261
208	109832
208	156292
208	131797
208	172845
208	103152
208	229257
208	230995
208	70960
208	184197
208	106883
208	164613
208	192102
208	71421
208	90688
208	138558
208	39386
208	18848
208	170705
208	235229
208	58757
208	14365
208	16055
208	64331
208	121870
208	16801
208	145437
208	38196
208	210753
208	208778
208	185744
208	5334
208	140607
208	233030
208	233537
208	162929
208	146681
208	38684
208	21051
208	65352
208	41688
208	115077
208	38616
208	53430
208	197146
208	251330
208	234312
208	46545
208	89249
208	244492
208	90506
211	140505
211	64687
213	127196
213	58456
213	113176
213	54568
213	238095
213	69085
213	186534
213	113510
213	190243
213	63126
213	131117
213	48367
213	138721
213	63664
213	174432
213	80614
213	239331
213	207646
213	142296
213	61435
213	60243
213	155093
213	224391
213	212078
213	210369
213	48857
213	61115
213	6721
213	240363
213	155585
213	180896
213	185091
213	206455
213	100540
213	151697
213	94549
213	204643
213	5705
213	112488
213	77282
213	115386
213	236323
213	40687
213	23099
213	84476
213	28685
213	155931
213	87464
213	43529
213	39801
213	188870
213	239897
213	172348
213	243466
213	242639
213	154200
213	26262
213	243953
213	90086
213	86388
213	54586
213	200020
213	142439
213	229206
213	251790
213	79051
213	136413
213	41688
213	6631
213	45714
213	182860
213	28142
213	197782
213	3569
213	33894
213	212412
213	110412
213	154980
213	138363
213	179719
213	70692
213	192567
213	86930
213	71421
213	235721
213	138847
213	187898
213	139571
213	172845
213	184246
213	105931
213	217331
213	164613
213	61317
213	141042
213	163646
213	37896
213	5744
213	27332
213	164051
213	196067
213	77829
213	116043
213	158978
213	41867
213	70982
213	144794
213	186715
213	127933
213	96662
213	127826
213	114127
213	180038
213	54935
213	11002
213	208778
213	10030
213	9315
213	106705
213	193900
213	190697
213	3155
213	197117
213	33496
213	127676
213	21051
213	6608
213	138657
213	77364
213	145219
213	225223
213	231283
213	169086
213	197138
213	61883
213	46003
213	136528
213	241324
213	65857
213	1693
215	168143
217	58653
217	206515
217	70706
217	199301
217	200185
217	152777
217	106055
217	151405
217	86410
217	204643
217	184197
217	179120
217	147574
222	132268
222	45276
223	29931
224	202831
224	233328
224	181827
224	32591
224	29593
224	219322
224	91212
224	167129
224	7102
224	132385
224	208864
224	242564
224	11541
224	12032
224	90815
224	53554
224	122724
224	73049
224	154900
224	50551
224	53303
224	63543
224	2034
224	110468
224	237148
224	112488
224	73306
224	98297
224	195729
224	150712
224	89096
224	23827
224	193054
224	231915
224	121248
224	51099
224	27743
224	162316
224	188878
224	215074
224	594
224	201808
224	13577
224	236684
224	76545
224	78711
224	164976
224	252530
224	51781
224	1333
224	25089
224	79459
224	116611
224	202018
224	171382
224	90670
224	35650
224	146382
224	141224
224	45748
224	3350
224	22694
224	64314
224	110334
224	55894
224	99889
224	160362
224	102673
224	157052
224	39369
224	144658
224	123261
224	205531
224	165058
224	140108
224	188733
224	131394
224	25418
224	245875
224	210546
224	122920
224	175132
224	177843
224	244095
224	63370
224	198403
225	4273
227	70784
227	106502
227	185450
227	148948
227	101973
227	148650
227	110481
227	160755
227	132955
227	225820
227	209718
227	101238
227	70354
227	199461
227	70272
227	755
227	165885
227	95762
227	37542
227	123487
227	8648
227	116223
227	50539
227	163439
227	96796
227	226155
227	208400
227	59716
227	107251
227	159105
227	99777
227	250711
227	43016
227	211353
227	194991
227	46391
227	242168
227	125237
227	114526
227	48847
227	197983
227	43038
227	76756
227	138551
227	92361
227	33624
227	67439
227	169159
227	21916
227	78454
227	9219
227	172082
227	46428
227	148258
227	72109
227	39334
227	111004
227	94854
227	224638
227	28573
227	112538
227	88762
227	104123
227	200504
227	36138
227	31463
227	189548
227	86410
227	176246
227	119792
227	6519
227	159178
227	145619
227	184216
227	130747
227	38616
227	47448
227	54381
227	111041
227	222341
227	131263
227	214394
227	59330
227	107498
227	165279
227	195811
227	48082
227	248032
227	213058
227	115465
227	137459
227	187831
227	44239
227	37910
227	172157
227	14794
227	121913
227	224522
227	144482
227	120392
227	163556
227	120873
227	227051
227	32779
227	104464
227	206518
227	52711
227	224788
227	230536
227	25170
227	32141
227	81546
227	186493
227	33265
227	43665
227	41688
227	247198
227	75388
227	6616
227	13458
227	46003
227	202558
227	86265
229	6581
229	248519
229	76998
229	123797
229	131937
229	230536
230	127656
230	38328
230	67680
230	82709
230	35937
230	51019
230	93304
231	36669
237	4676
237	176485
237	99352
237	164676
237	122367
237	55557
237	986
237	233946
237	50936
237	135460
237	1745
237	140329
237	164836
237	24406
237	72327
237	90848
237	1124
237	240399
237	72244
237	89096
238	198111
238	191469
238	131036
238	71207
238	35178
238	53936
238	222645
238	108580
238	106540
238	121541
238	95205
238	123800
238	138708
238	235500
238	160594
238	55942
239	222505
244	247111
244	45305
247	104078
247	192540
247	208087
247	2418
247	74009
247	34629
247	86153
247	32777
247	98580
247	113723
247	48398
247	238637
247	147040
247	250710
247	141715
249	51515
249	45808
253	3653
255	247540
255	25056
260	208064
260	209226
260	243038
261	46248
262	100373
262	176718
262	185450
262	57418
262	108597
262	143868
262	124143
262	70916
262	135974
262	189223
262	230536
262	193900
262	73771
262	191772
262	214798
262	103471
262	148548
262	166150
262	9219
262	195998
262	46003
262	6551
262	125772
262	159618
262	69514
265	186333
265	16570
266	104274
266	76839
271	15374
273	7040
275	211412
275	2807
275	207482
275	181401
275	57512
275	170535
275	50899
275	229203
275	143465
275	15374
275	79847
275	56100
275	82301
275	111983
275	128361
275	91565
275	96228
275	197947
275	215699
275	157772
283	159565
283	188504
283	124208
284	199135
284	75271
284	209675
284	154854
284	146641
284	74944
284	158893
284	92211
284	6779
284	112782
284	52625
284	16402
284	155219
284	90198
284	217258
284	19902
284	175857
284	221507
284	38846
284	138519
285	121528
285	174101
285	39035
285	74318
285	197474
285	246491
285	12780
285	8738
285	19501
285	29211
285	207511
285	132852
285	249015
285	93258
285	100118
285	108914
285	53644
285	42603
285	198774
285	37812
285	16463
285	128349
285	194171
285	38271
285	202424
285	200733
285	169536
285	169274
285	46295
285	151846
285	156315
285	57777
285	204796
285	183100
285	144403
285	21849
285	147764
285	142053
285	54364
285	166254
285	43893
285	226272
285	43788
285	33950
285	234618
289	179744
289	159474
290	89523
293	210268
293	58905
294	126293
294	221009
296	149163
296	144602
298	229399
298	68207
298	202485
298	81142
304	31833
304	93838
304	112488
304	35586
304	202493
304	146382
304	191497
304	103535
304	7105
304	49852
304	149497
304	100460
304	231122
304	53182
304	190069
304	90815
304	78711
304	11469
304	213118
304	19467
304	73049
304	10264
304	247662
304	186333
304	191625
304	198403
306	8495
308	50360
308	172374
308	159950
308	140385
308	106806
308	136457
308	174250
308	48482
308	163793
308	213709
308	185930
308	156286
308	157857
308	167532
308	217886
308	159256
308	148848
308	146738
308	172838
308	110429
308	195223
308	28297
308	226914
310	208990
310	15399
310	13481
310	242867
310	248699
310	8099
310	191468
310	190243
310	9138
310	112940
310	83109
310	102000
310	210356
310	130406
310	177642
310	71792
310	18907
310	188789
310	210847
310	210369
310	41251
310	22590
310	76514
310	205902
310	31887
310	110296
310	84854
310	238700
310	103067
310	112488
310	46391
310	239172
310	103077
310	203439
310	7367
310	250966
310	168913
310	218755
310	162038
310	2066
310	118347
310	78454
310	49992
310	40355
310	215074
310	162989
310	103855
310	34130
310	200336
310	238446
310	116082
310	144895
310	220999
310	187866
310	102120
310	42393
310	48781
310	173548
310	86410
310	155200
310	79708
310	239669
310	138845
310	6519
310	202994
310	24606
310	135667
310	90926
310	235154
310	139571
310	13683
310	220345
310	222543
310	78046
310	204094
310	5782
310	95166
310	164051
310	170705
310	77829
310	53578
310	28005
310	227033
310	67568
310	225531
310	169590
310	5077
310	29921
310	10027
310	230536
310	246063
310	252563
310	25170
310	81546
310	50456
310	120416
310	103471
310	182991
310	85394
310	41688
310	242234
310	19011
310	114848
310	46003
310	2667
310	15374
310	130364
310	149149
312	22768
312	72123
312	93838
312	101597
312	84126
312	104462
312	240146
312	25996
312	229295
312	24240
312	25597
312	62349
312	152523
312	27560
312	124475
312	126493
312	239779
312	117007
312	125415
312	18076
312	252512
312	8584
312	241502
312	217901
312	233699
312	72749
316	145242
316	240274
316	117825
316	36387
316	200785
316	52398
316	216845
316	228678
316	9553
316	85593
316	73344
316	13481
316	212584
316	229480
320	10150
322	193444
326	224568
331	57664
332	204292
332	120008
332	40535
332	201756
332	121941
332	90044
332	39397
332	132703
332	112902
332	94391
332	35548
332	181885
336	179366
336	163655
336	86466
336	33057
336	227205
336	57780
336	65417
336	238916
336	57458
336	126326
336	183164
336	195995
336	17523
336	24948
336	152252
336	134976
341	45629
341	205297
341	155862
341	122326
341	241690
341	87080
341	170723
341	225210
341	47959
341	220355
341	80491
341	108437
341	36213
341	221810
341	184983
341	249212
341	81042
342	223205
342	143566
342	150879
342	218520
343	162517
347	105882
347	201626
347	67603
347	130364
347	55145
352	9224
352	7744
352	228822
353	124201
353	16608
353	117733
353	156855
353	190645
353	117709
353	128696
353	4889
353	81095
353	51264
353	213260
353	36703
353	17377
353	113510
353	190243
353	52198
353	82600
353	4035
353	246117
353	214251
353	108874
353	78384
353	47918
353	136217
353	60118
353	180038
353	126235
353	142296
353	24213
353	2220
353	47596
353	51913
353	217200
353	117036
353	5193
353	139546
353	87645
353	109990
353	128742
353	180896
353	12043
353	139968
353	213056
353	67635
353	3254
353	197717
353	31895
353	72545
353	204643
353	5705
353	238398
353	155394
353	160086
353	1529
353	23099
353	150978
353	41205
353	28685
353	101131
353	163720
353	70883
353	113643
353	33624
353	173522
353	78450
353	57073
353	78939
353	129773
353	115920
353	99316
353	91376
353	171581
353	188294
353	129787
353	3631
353	220999
353	144898
353	234629
353	156094
353	28723
353	182860
353	43796
353	20451
353	200504
353	79449
353	64019
353	227228
353	208362
353	157145
353	111462
353	17988
353	133231
353	183222
353	210571
353	192567
353	86930
353	157913
353	71421
353	51426
353	153753
353	54383
353	103652
353	53003
353	140062
353	67506
353	119625
353	83818
353	164051
353	246266
353	47975
353	187418
353	43845
353	224369
353	42393
353	248823
353	70988
353	59813
353	218611
353	241142
353	152055
353	189940
353	180030
353	139527
353	166659
353	216845
353	42177
353	210528
353	249865
353	228081
353	196356
353	21051
353	107288
353	132579
353	62839
353	41688
353	97837
353	118369
353	46003
353	197146
353	160113
353	176089
353	246328
353	98449
353	2905
353	42447
353	245841
353	233075
353	37492
356	189816
356	175845
356	37670
356	215690
356	10606
359	191622
359	8804
359	179787
360	167210
360	195683
360	229820
360	119792
360	32206
360	236646
360	151697
360	86410
360	120442
360	109566
360	48239
360	46391
360	92539
360	125237
360	252619
360	214556
360	132955
360	233913
360	184969
360	51569
360	118141
360	86930
360	230536
360	155931
360	198741
360	129990
360	21541
360	7090
360	77801
360	189288
360	121098
360	42588
360	131263
360	136448
360	42679
360	6916
360	169159
360	193498
360	211573
360	155563
360	168204
360	19548
360	208608
360	149724
360	46003
360	40628
360	228476
360	112901
360	205808
360	116887
361	175651
370	128156
371	131589
371	159748
372	20890
372	126584
372	33729
372	60684
372	185420
372	41846
373	6974
373	177540
373	129466
373	206655
373	51449
376	30609
376	40071
376	49478
376	173844
376	234293
376	91089
376	78185
376	96446
376	165540
376	149539
376	135390
376	69796
378	158607
378	249404
378	113232
378	145780
378	69543
383	130379
385	127111
385	42622
385	91499
385	127780
385	53743
386	3553
386	226932
386	239649
389	1167
392	155799
392	54610
392	26471
392	182642
392	85733
392	173448
392	29345
392	213267
392	123966
392	145446
392	177058
392	30142
392	65784
392	198738
392	39253
392	235729
392	148745
392	208520
392	66772
392	105322
392	120069
392	250851
392	168365
392	25432
392	74738
392	162693
393	172753
393	194504
393	185450
393	125929
393	32825
393	46391
393	53959
393	1929
393	2824
393	227234
393	109998
393	199813
393	212060
393	102000
393	4785
393	42588
393	2066
393	37597
393	132148
393	38616
393	238071
393	85389
393	179509
393	171585
393	239900
393	88680
393	69796
398	250503
398	237058
398	119321
398	109127
398	210056
398	96614
399	249960
399	165684
399	23295
399	66970
399	91013
399	119973
399	17659
399	97899
399	233527
399	182968
399	42831
399	154512
400	210707
400	13957
400	91151
400	247418
400	122326
400	105985
400	184017
400	91911
400	193697
400	42276
400	182860
400	188017
400	230536
400	112802
400	6161
400	214883
400	62956
400	22566
400	175611
400	38622
400	95757
400	76392
400	2378
400	176380
400	92574
400	41884
400	120477
400	91557
400	11805
400	46862
400	60214
400	177776
402	137777
402	143266
405	222712
405	51569
405	24213
405	97478
405	236424
405	218714
405	107432
405	105556
407	58048
407	85358
407	147995
409	39577
409	207482
409	222054
409	58389
409	232801
409	58851
409	59254
411	114380
411	198592
411	121284
411	163250
411	176603
411	44099
411	148139
411	233594
411	100371
411	82852
411	154582
411	181175
411	105262
411	110215
411	44864
411	3056
411	49766
411	200336
411	195037
411	131152
411	103416
411	21448
414	239649
415	138491
415	247043
415	187042
419	233321
419	125052
419	237199
419	227854
419	8211
419	152366
419	206836
419	184239
419	35426
419	105258
419	112545
419	24606
419	228856
419	5436
419	205531
419	83881
419	149752
419	133463
419	82979
419	55049
419	28552
419	88674
419	157962
419	135789
419	82819
419	167463
419	149918
419	141451
419	108252
419	246177
419	9740
419	30991
419	50581
419	177196
419	249865
419	137838
419	43935
419	140270
419	177629
419	197232
419	27560
419	19467
419	126675
419	49870
419	58746
419	229731
419	247892
419	35650
419	124105
419	55339
419	44816
419	173542
419	132330
419	217570
419	157604
419	132268
419	215384
419	174705
419	219137
419	248157
419	111408
419	188304
419	227523
419	214088
419	20097
419	108683
419	22719
419	98268
419	210847
419	79565
419	154770
419	242705
419	112488
419	71421
419	121150
419	43200
419	184327
419	243329
421	205455
422	161480
423	99164
423	77611
423	61671
423	29102
423	22513
423	249923
423	247506
423	47953
423	63080
423	30940
423	153506
423	141576
423	230674
423	60255
423	18773
423	225472
423	113267
423	236676
423	252512
423	148956
423	15374
423	53578
423	136413
423	232216
423	52100
424	73344
425	79908
425	45760
425	57413
425	163574
425	251354
425	29649
428	240041
430	186289
430	57473
430	219356
430	212100
430	71213
430	26480
430	67843
430	203681
430	73573
430	124697
430	196349
430	14563
430	15446
430	45122
430	144400
430	41306
430	125825
430	32742
430	110305
430	33561
430	165151
430	173840
430	111690
430	30738
430	246656
430	244016
430	238586
430	44592
430	52337
430	235439
432	73577
432	179520
432	51222
432	116942
432	239710
432	26409
434	184399
435	86444
436	181289
437	103910
440	118018
440	102610
440	56563
440	135001
440	41886
440	32040
440	224688
440	91674
440	25478
440	61225
440	146876
440	227604
440	10599
440	115077
440	21637
442	15374
442	149313
445	145722
445	136079
445	179463
446	35960
446	86707
446	227854
446	247418
446	121934
446	103061
446	225013
446	86410
446	190953
446	196663
446	188084
446	173760
446	249015
446	35011
446	135845
446	16073
446	99358
446	153989
446	142064
446	155931
446	198741
446	71421
446	175757
446	95148
446	203061
446	48152
446	194239
446	120654
446	108005
446	1731
446	201234
446	186863
446	56116
446	212330
446	205765
446	45016
446	152799
446	115327
446	184448
446	115077
447	149061
447	82901
447	158893
447	145811
447	54376
447	85067
447	89996
447	121167
447	189756
447	178102
447	31330
450	164838
450	186542
450	188988
450	29159
450	166678
450	82114
452	131857
452	37622
452	204094
452	130372
452	209450
452	218789
452	89757
452	217284
452	199276
452	239622
452	201084
452	112488
452	218055
452	218688
452	35141
452	23808
452	147775
452	12371
452	147599
452	35981
452	18570
452	129010
452	177260
452	161415
452	163428
452	106773
452	161784
452	106410
452	48489
452	249865
452	218755
452	166262
452	15238
452	79929
452	80214
452	10807
452	249650
452	13936
452	209052
452	121960
452	152458
452	173745
452	201625
452	248928
452	214285
452	204401
452	238178
452	162517
452	222437
452	173678
454	10196
454	165279
454	12209
454	222815
454	208418
454	17173
454	185450
454	7367
454	121129
454	169159
454	86410
454	109566
454	197571
454	80299
454	186583
455	103125
456	45040
462	203955
464	17359
464	244027
464	140278
464	210498
464	208576
464	189550
464	59402
466	61023
466	142043
466	108683
466	122290
466	29559
466	5251
466	231199
466	95166
466	146066
466	90337
466	160849
466	244804
466	218214
466	45324
466	44979
466	160562
469	43138
469	112918
469	61961
469	199217
469	156855
469	218292
469	182533
469	182581
469	186715
469	166478
469	204643
469	210098
469	78478
469	35451
469	190243
469	67901
469	146028
469	104503
469	144711
469	217873
469	169536
469	168913
469	7757
469	28336
469	208857
469	47706
469	21051
469	24213
469	129773
469	103654
469	179243
469	53003
469	164613
469	132268
469	251706
469	34655
469	44952
469	197146
469	246055
469	250329
469	234312
469	65857
469	141787
469	210200
469	200331
471	28008
471	186580
471	26846
471	28463
471	103067
471	101238
471	51505
471	137958
471	61426
471	34105
471	176058
471	60842
471	148304
471	109832
471	172845
471	166180
471	98436
471	250192
471	99258
471	173333
471	11667
471	81563
471	152799
471	6551
471	252637
471	136787
471	157046
472	18827
472	214781
472	23918
472	186542
472	10717
472	133271
473	155048
473	95617
473	125009
473	177684
473	238332
474	210392
474	149839
474	114656
474	180896
474	224311
474	120416
474	70575
474	89151
474	79793
474	24213
474	166478
474	197707
474	124200
474	252387
474	109832
474	73344
474	193008
474	95848
478	127158
478	70177
478	18183
478	201257
478	7283
483	52625
483	148698
483	57081
487	101185
487	204474
490	4189
490	87456
490	124908
490	218427
490	86130
490	104872
490	216582
490	152214
490	144444
490	207650
490	19902
490	109612
490	32311
490	186333
490	196589
491	32631
491	76943
491	242421
492	61933
495	183469
495	251984
495	80129
495	65270
495	66168
495	17285
497	243029
498	86556
499	191934
499	201302
499	71400
499	72346
499	161078
499	156855
499	160178
499	110468
499	6009
499	117750
499	250352
499	189956
499	215082
499	250634
499	36421
501	92587
501	64263
501	158809
503	81581
508	88436
508	157849
509	158067
509	109998
509	235601
509	129245
509	217303
511	86967
511	249983
511	97626
515	9226
517	200601
517	204393
517	248447
517	101082
517	188536
517	191221
517	234112
517	24213
517	163250
517	76593
518	47238
518	91448
518	180021
520	251344
520	152537
520	44917
520	222562
520	239668
520	180621
520	174315
520	153091
520	210847
520	83393
520	154104
520	154770
520	142930
520	142147
520	24120
520	243706
521	240581
521	166226
521	170434
521	131007
521	139124
523	64034
525	208744
525	86926
525	180621
525	67026
529	10888
529	218172
534	226861
534	150275
534	175798
534	143465
534	61236
535	120416
535	92291
536	136769
536	227854
536	115077
536	41709
537	111210
537	226317
537	166490
537	145420
537	42549
540	157275
541	585
541	179769
541	180896
541	228535
541	45550
541	100352
541	11568
541	5251
541	162546
541	53385
541	191507
541	210098
542	244857
542	178903
542	223051
542	179971
542	159918
542	176301
542	71588
542	40355
542	246672
544	239649
544	15316
544	108914
544	194547
546	5886
546	202228
546	226592
546	215386
546	133578
546	130148
546	224838
546	188003
546	50097
546	118954
546	75863
546	250175
546	226466
546	237850
546	207690
546	15391
546	77014
546	226801
546	245122
546	197436
546	42476
546	40031
546	185826
546	71265
546	73974
546	215992
546	201927
546	107481
546	66393
546	24262
546	53554
546	33578
546	227148
546	198966
546	153844
546	120482
546	248177
546	126270
546	92333
546	39288
546	82913
546	252243
546	2044
546	120758
546	114778
546	160264
546	183885
546	83174
546	235346
546	199703
546	98039
546	64993
546	71127
546	181420
546	227190
546	141220
546	32186
546	98139
546	70381
546	175473
546	171619
546	147303
546	92383
546	248752
546	26029
546	178465
546	135131
546	250181
546	156581
546	134922
546	238701
546	136167
546	10611
546	251326
546	236709
546	135650
546	175501
546	90911
546	170349
546	16023
546	175772
546	115637
546	193268
546	194585
546	120864
546	248794
546	115120
546	222869
546	245029
546	65297
546	184253
546	178993
546	98642
546	36672
546	252889
546	15562
546	132528
546	14313
546	192377
546	180513
546	29596
546	48693
546	14363
546	160355
546	114144
546	63046
546	11452
546	32770
546	231997
546	236765
546	73158
546	20781
546	116169
546	174581
546	88961
546	40897
546	101921
546	141562
546	238726
546	61546
546	212703
546	188720
546	218629
546	20793
546	55685
546	173393
546	245310
546	39184
546	203562
546	37221
546	125809
546	45317
546	241190
546	73662
546	110871
546	125410
546	146267
546	150087
546	98872
546	218148
546	189668
546	247338
546	212230
546	43025
546	111645
546	127937
546	197628
547	110630
547	75809
547	222615
547	251414
548	184671
548	16211
548	81747
548	27560
548	7546
548	99109
548	233654
548	108375
548	173542
548	124498
549	234750
549	223362
549	139689
551	48951
552	138112
553	229801
558	5978
558	189269
558	46609
558	156837
558	54862
558	41663
558	238895
558	11633
558	15374
558	119983
558	247024
558	150102
558	161843
558	178538
558	74585
559	113884
560	34158
560	40985
560	214162
561	148119
561	73812
561	116844
561	50360
561	127196
561	227854
561	8211
561	13592
561	192875
561	91839
561	117290
561	124331
561	242554
561	105031
561	77282
561	12043
561	88763
561	131038
561	190243
561	185744
561	190128
561	222713
561	95933
561	79847
561	136041
561	52785
561	232693
561	17377
561	23341
561	218389
561	94620
561	142799
561	85715
561	130465
561	252800
561	136413
561	223100
561	134724
561	4998
561	62067
561	16583
561	5729
561	143167
561	210369
561	62727
561	219473
561	145296
561	20525
561	91324
561	130839
561	116210
562	237177
562	177374
562	29159
562	175565
562	196786
562	44627
562	131263
562	49737
562	233629
562	243855
562	135667
562	55525
562	243863
562	191973
562	180734
562	119792
562	120106
562	10718
564	176334
564	184992
565	174296
565	235162
566	129851
566	7543
566	50936
566	246993
566	104954
566	160086
567	36459
568	34629
569	2648
569	236279
569	224456
569	108914
569	248077
574	226843
574	64436
574	85391
574	227832
574	205853
574	146477
574	93447
574	207073
574	13113
574	236323
574	107432
574	171971
574	173482
574	251035
574	200674
574	31987
574	17801
574	13403
574	13245
574	239031
574	5858
574	138551
574	127676
574	6608
574	200539
574	221921
574	6175
574	99316
574	15584
574	245221
574	143031
574	26960
574	95166
574	20189
574	142439
574	112901
574	23670
574	46924
574	44313
574	159105
577	252194
577	156356
577	85370
577	207599
577	51241
577	56454
577	67902
577	129873
577	206410
577	150217
577	5830
577	199492
577	60627
577	73049
577	157936
577	199192
577	66098
577	107495
577	155045
577	57750
577	19467
577	154879
577	15270
579	174990
579	28142
579	33400
579	43934
579	95778
579	116427
579	35072
579	17619
585	9357
585	10962
585	196906
585	233581
585	97473
585	78819
585	108914
585	202131
585	85785
585	13481
585	213496
585	22327
585	91043
585	66865
585	184653
585	209718
585	158575
585	10807
585	74597
585	136822
585	228132
585	35283
585	146007
585	27916
585	188289
585	26701
585	174445
585	29871
585	138591
585	55525
585	185450
585	72282
585	243855
585	161486
585	30977
585	46366
585	57512
585	214495
585	14793
585	75946
585	218755
585	76514
585	162931
585	129232
585	47855
585	215263
585	159105
585	53561
585	174705
585	541
585	9430
585	158372
585	100540
585	101531
585	106509
585	148714
585	209397
585	24531
585	235906
585	237910
585	117867
585	248447
585	233913
585	191221
585	51569
585	7367
585	197983
585	65712
585	97316
585	12304
585	54478
585	113761
585	250001
585	177413
585	39801
585	18958
585	2785
585	69181
585	106822
585	56048
585	132472
585	22402
585	73344
585	243949
585	6734
585	204042
585	162989
585	251785
585	217263
585	173112
585	18391
585	229203
585	59539
585	25064
585	21447
585	37230
585	5009
585	238700
585	208953
585	193088
585	172600
585	239649
585	230958
585	20957
585	93428
585	29208
585	193000
585	162932
585	222994
585	240194
585	60040
585	57076
585	75055
585	94620
585	31476
585	202994
585	8552
585	49167
585	135667
585	247200
585	194606
585	90412
585	39884
585	6306
585	92931
585	8494
585	44918
585	3254
585	180750
585	236861
585	14106
585	23408
585	19548
585	187921
585	181491
585	99135
585	143465
585	136883
585	90713
585	187831
585	191622
585	24876
585	42389
585	227273
585	76790
585	170682
585	64330
585	151307
585	169255
585	194396
585	159950
585	18804
585	189940
585	163070
585	135207
585	18006
585	179787
585	3636
585	80147
585	180537
585	98656
585	97714
585	71475
585	183091
585	204896
585	102183
585	86001
585	77351
585	6596
585	249865
585	58173
585	142776
585	216121
585	189616
585	14176
585	70272
585	242234
585	62773
585	165976
585	105922
585	240803
585	237747
585	46003
585	145304
585	173176
585	129658
585	15374
585	122165
585	128260
585	46566
585	38468
585	96228
585	245841
585	145966
592	164179
592	65042
593	251672
593	160605
593	59855
594	48082
594	69676
594	224
594	70699
594	17352
594	136554
594	180621
594	124408
594	191399
594	84486
594	245262
594	66312
594	175154
594	73049
594	112488
594	155466
594	184258
594	129991
596	90996
597	215586
597	145569
597	33057
597	222872
599	163629
599	4273
599	207198
599	232428
599	240962
599	69062
599	183658
599	18420
600	184653
601	89314
601	139294
601	4823
601	112488
601	245681
601	197364
601	160388
601	116558
601	31310
601	98297
601	134155
601	139434
601	83101
601	38930
601	218755
601	164442
601	185826
601	20343
601	7566
601	179555
601	202416
601	130558
601	165080
601	159266
601	220060
601	160362
604	158374
604	45481
604	103571
605	55075
605	46510
606	15374
606	111141
606	215941
606	234043
607	160004
607	7065
607	242564
607	80605
607	91561
607	207574
607	7105
607	90815
607	67396
607	68977
607	126334
608	167583
608	60058
608	229729
609	226920
611	224639
613	218755
616	40792
620	179787
620	84747
620	223136
620	109750
620	17988
620	240267
620	166490
620	149455
620	116521
620	4561
620	247200
620	65236
620	191622
620	142448
620	226141
620	101792
620	203826
622	114110
623	203624
632	162484
632	159991
632	89395
632	111577
632	49362
632	101217
633	159340
633	28746
633	61933
634	147891
634	236900
634	100036
636	2678
636	77328
636	28667
636	49332
636	246510
636	219363
636	189336
636	180268
636	18045
636	72834
636	13977
636	230980
636	89333
636	207146
636	122701
636	132579
636	93755
636	165826
636	36117
636	194194
636	102148
636	220802
636	244188
636	43494
638	226587
640	3646
640	152587
640	215929
640	22101
640	225187
641	96355
641	76419
641	236029
641	138265
641	167017
641	33835
641	212350
641	14123
641	115383
642	111414
644	2940
646	219947
647	15098
647	160896
647	193704
647	56280
647	52864
648	163197
648	128742
648	233913
648	138112
648	224703
648	186736
648	130306
648	194458
648	99453
648	242249
648	12114
650	26680
650	46579
650	80346
650	19270
650	79243
650	91066
650	108991
650	227670
650	15074
650	85847
653	73049
653	112488
653	59098
654	126993
654	170453
654	81558
654	108914
654	15374
654	108580
654	247200
654	113763
656	38383
656	145230
656	139810
662	19359
662	38803
666	93346
668	181888
668	210847
668	178489
668	230674
668	71107
668	141848
671	61361
671	217294
673	143751
679	146007
679	43851
679	128812
679	170682
679	245555
679	36136
679	113558
679	136544
679	213555
679	145865
679	63052
679	214305
679	61847
679	57610
679	188780
679	21469
679	17988
679	190243
679	204586
679	212580
679	161450
679	124639
679	104983
679	132738
679	220964
679	176317
679	82114
679	59579
679	43876
679	116181
679	67635
679	103091
679	225616
679	245262
679	41688
679	236921
679	132268
679	198885
679	157981
679	162989
679	72713
679	46003
679	42389
679	25960
679	245810
679	193444
679	158978
679	76514
679	220999
679	223844
679	108075
679	134739
682	226345
682	16470
682	248746
682	188789
682	103043
682	184032
682	14762
682	128909
682	243076
682	143747
682	186715
682	187555
682	199554
683	136535
684	189358
684	246580
684	42780
688	245331
688	94739
688	246798
688	197956
689	234907
690	70400
690	15460
690	52193
690	123657
690	141679
690	74794
691	186715
691	239622
691	167332
691	17377
691	170181
691	110412
691	182860
691	181842
691	28685
691	86930
691	127408
691	50581
691	132765
691	249865
691	41152
691	172845
691	216272
691	107291
691	2849
691	84758
691	36117
691	245729
694	198592
694	201215
694	164609
694	181711
694	80541
694	189256
694	139216
696	93428
696	137609
696	110835
697	19548
697	58694
697	134575
697	59159
697	251363
697	208092
697	35947
697	6608
697	217901
697	57432
697	111004
697	145814
697	252519
697	115159
697	59085
697	145192
697	245283
697	142881
697	249817
700	30347
700	117975
700	250373
700	55640
701	131824
701	198592
701	237079
701	49316
701	53578
701	228809
702	113169
702	198885
703	122660
705	65080
706	189275
710	72117
710	89013
711	182361
711	92211
711	179253
715	23549
715	105321
715	249644
715	13323
715	238588
715	87107
715	13786
716	197011
716	178281
716	135974
716	121110
716	2566
716	148548
716	46391
716	230536
717	17836
717	244856
717	145418
717	109440
717	192424
717	192757
717	250966
717	211088
717	192965
719	142808
719	42517
722	97590
722	244698
722	42896
722	238341
722	180621
722	3940
722	196672
722	46588
722	152926
723	193693
723	224759
723	223161
723	209718
723	189548
723	92731
724	243359
724	40696
724	22768
724	238897
724	156855
724	234968
724	196915
724	62801
724	213260
724	144317
724	94400
724	163221
724	173200
724	190243
724	196672
724	52198
724	82600
724	61671
724	42345
724	155105
724	73246
724	87749
724	138787
724	47596
724	204875
724	23303
724	211841
724	148699
724	48687
724	159105
724	15448
724	127255
724	86420
724	38544
724	37536
724	221789
724	172549
724	207123
724	65951
724	238398
724	107269
724	99041
724	100307
724	71831
724	51569
724	7367
724	134487
724	109301
724	91951
724	194029
724	2484
724	60487
724	247700
724	40270
724	39801
724	42588
724	138551
724	173522
724	149250
724	180427
724	154200
724	247200
724	244969
724	174750
724	157206
724	60016
724	246195
724	3794
724	107301
724	36117
724	6554
724	142439
724	104164
724	179064
724	6631
724	238697
724	189870
724	196524
724	200504
724	140458
724	182533
724	159601
724	155200
724	212412
724	119792
724	232693
724	223003
724	34907
724	202994
724	28746
724	215355
724	242249
724	130047
724	53409
724	38196
724	171816
724	247262
724	229257
724	2849
724	234312
724	97626
724	165992
724	53003
724	164613
724	203757
724	51906
724	11192
724	127126
724	32010
724	31268
724	28297
724	15319
724	132338
724	250329
724	235229
724	131030
724	165291
724	26806
724	208758
724	2880
724	187418
724	145437
724	176301
724	51687
724	62579
724	10584
724	6616
724	185744
724	208098
724	161450
724	108914
724	7807
724	140607
724	251884
724	44423
724	248333
724	47009
724	49486
724	68575
724	120416
724	160473
724	193915
724	169776
724	64761
724	97201
724	175593
724	75388
724	107942
724	83057
724	128915
724	169003
724	197146
724	146218
724	121391
724	245346
724	149149
724	82664
724	214471
724	49262
728	61923
731	14302
734	169363
734	249672
734	152375
734	252619
734	10681
734	239783
734	75362
735	77438
735	68096
736	214688
736	24260
736	172753
736	233853
736	34438
736	80572
736	109105
736	159640
736	57406
736	245751
736	177647
739	113115
739	163744
740	63170
741	117027
741	113115
741	97263
741	103968
741	18906
741	105561
744	160867
744	126582
744	248928
744	206265
744	243651
744	133698
744	43508
744	57160
744	132536
744	121506
745	213425
745	25672
745	193391
745	170537
745	150169
746	120596
746	116806
748	210036
748	242014
748	185037
750	45760
750	33437
750	201211
750	89842
751	112488
751	208926
752	5251
754	22431
755	227787
755	211895
755	77943
755	155767
755	114188
755	119792
755	96447
755	234197
755	9225
755	70569
755	248764
755	200504
755	185450
755	78185
755	247909
755	86410
755	106385
755	252237
755	77282
755	168204
755	140278
755	222460
755	84126
755	57569
755	166153
755	112729
755	14502
755	231813
755	216845
755	105237
755	138482
755	65712
755	230537
755	77037
755	167353
755	71421
755	100684
755	229305
755	32141
755	220414
755	244443
755	194651
755	102000
755	62169
755	95694
755	131263
755	252140
755	241170
755	70272
755	103652
755	239669
755	223341
755	76456
755	245957
755	89918
755	165279
755	72520
755	182935
755	38616
755	9219
755	156249
755	196186
755	46003
755	237177
755	242272
755	227
755	128483
755	231473
755	231323
755	63285
755	69514
755	160794
755	21871
755	216048
755	13403
755	56898
755	65812
755	224201
757	213681
757	54440
757	117081
757	4998
757	106806
757	46071
757	175745
757	5748
757	229674
757	21290
757	239872
757	234167
757	240633
757	246414
757	139363
757	22257
757	21949
758	202260
758	91330
759	213763
762	63849
764	195683
764	109148
764	104579
764	227854
764	138551
764	3
764	37289
764	69809
764	192438
764	13653
764	167332
764	218618
764	144056
764	124539
764	185378
764	147832
764	34629
764	6133
764	244627
764	233481
764	28685
764	2823
764	86930
764	161613
764	142064
764	73706
764	50681
764	128897
764	226318
764	25452
764	242707
764	11783
764	128592
764	32557
764	206661
764	129154
764	12636
764	234913
764	13580
764	152799
764	152668
764	98449
764	2437
764	19993
764	148566
764	115077
764	37910
764	70916
764	162411
766	186671
766	75472
766	217701
766	161174
766	233811
766	148334
766	170288
766	186843
766	14474
766	22607
767	144053
767	29309
767	235171
767	191643
767	174315
767	5621
767	87202
767	86444
771	109543
771	87248
771	37490
772	32736
773	11772
773	210847
773	186939
773	196717
773	111165
773	162781
773	99410
782	193923
782	127035
782	65580
782	131676
782	194086
782	115210
782	225207
782	79204
784	121818
785	195598
786	88943
786	58992
786	78448
786	173267
786	122169
786	227413
786	131485
788	196446
788	223699
789	25795
789	123322
789	55964
789	90263
789	209514
789	183391
789	231614
789	112545
789	225591
789	183461
789	116426
789	150339
789	156292
789	67351
789	35500
789	179156
789	154053
789	37215
789	21051
789	210260
789	110921
789	163578
789	165632
789	124639
789	27560
789	4986
789	174315
789	174270
789	130523
789	129642
789	243883
789	116887
789	21251
789	188789
789	40009
789	189915
789	132268
789	225616
789	116895
789	12452
789	100080
789	46010
789	70097
789	77582
789	5621
789	122660
789	57157
789	240052
789	65857
789	180030
789	153716
789	145470
789	199336
790	146007
790	164179
790	2066
790	174560
790	138551
790	168741
790	217534
790	139546
790	61402
790	206062
791	252127
791	184466
791	206733
791	175154
791	239649
791	118506
792	122594
792	6395
792	246984
792	48737
792	91346
792	18396
795	128928
795	14763
795	20022
795	46850
795	27044
800	242541
800	101273
800	126783
800	119894
800	150915
800	101187
800	212745
800	152799
800	139464
800	249389
800	201491
800	178888
800	213904
800	89480
800	41867
802	217339
809	96075
809	108683
809	231276
809	126535
809	238446
809	182415
809	233493
811	225364
811	61256
811	114656
811	100960
811	36117
811	156292
811	202994
811	95621
811	172845
811	146912
811	100540
811	136577
811	30042
811	144839
811	227801
811	103654
811	244065
811	160668
811	228770
811	69514
811	101383
812	181664
813	136589
813	184330
813	12917
813	108151
813	72359
813	191912
813	220581
813	111201
813	219363
813	10837
813	206158
813	168687
813	6732
813	137530
813	123269
813	158674
814	148848
814	89490
820	15637
821	61559
823	122061
826	82864
826	35342
828	30052
828	204293
828	152583
828	117867
828	142920
828	142649
828	227598
828	203453
828	151720
828	77551
828	202627
828	212772
828	187831
828	98452
828	71421
828	46391
828	50581
828	75388
829	146724
829	123706
830	60749
832	144331
833	216104
833	47487
836	187831
837	62045
837	5853
837	127503
837	109301
837	77518
838	166557
838	82190
838	27072
838	146373
838	9636
838	248916
838	141501
838	114933
838	211129
838	105618
840	247200
840	85710
841	55944
841	195032
841	205830
841	160044
841	141209
841	190609
842	126470
842	249644
843	129734
843	71084
843	196467
843	202199
843	209050
843	37205
843	117867
843	94442
843	52958
843	160368
843	52474
843	202260
843	57251
843	8818
843	89025
843	208653
843	212617
843	38505
843	132810
843	142795
843	54398
843	29555
843	61682
843	181004
843	175247
843	214585
843	127824
843	234794
843	217706
843	2760
843	82922
843	87380
843	218399
845	144944
845	101779
845	179590
845	239615
845	52043
845	185202
845	175491
845	231491
845	81533
845	65706
845	166597
845	83169
845	160264
845	112046
845	80112
845	202622
845	228808
845	187897
845	163210
845	166555
845	38335
845	188846
845	18303
845	64358
845	125910
845	150786
845	185826
845	27145
845	112131
845	155280
845	189120
845	185172
845	78661
845	16406
845	17349
845	19685
845	191031
845	179633
845	70497
845	150737
845	158622
845	49995
845	191258
845	102533
845	54237
845	232127
845	39437
845	52541
846	234717
846	29147
846	90003
846	218889
846	167783
846	74038
846	248005
846	167764
846	208950
846	176378
846	194775
846	73283
846	107741
848	248330
848	5833
848	9171
852	190008
852	68620
852	95735
852	115210
852	201161
852	139553
854	22769
854	63849
854	28756
856	5251
856	225485
857	244627
858	234686
860	130405
860	246273
861	225190
861	246693
861	118987
861	15562
861	83303
861	247614
861	224041
863	168661
864	86354
864	236579
864	124868
864	167064
864	223949
864	126493
864	16076
864	192101
864	242867
868	217462
868	165291
868	128742
868	156855
868	124744
868	210682
868	21582
868	37927
868	13482
868	55258
868	131873
868	123774
868	246809
868	210571
868	63804
868	31040
868	81731
868	182508
868	186680
868	28755
868	65613
868	125663
868	153436
868	211137
868	164206
868	64675
868	32677
868	225451
868	36117
868	120668
868	169005
868	186446
868	14118
868	164843
868	233075
869	208022
869	197966
869	220453
869	214612
869	202467
869	95918
869	76365
869	35325
869	218868
869	51569
869	223161
869	166992
869	163456
869	101273
869	95106
869	94675
869	219401
869	28170
869	210369
869	164637
869	177796
869	83561
869	128229
869	15381
869	69796
873	154596
873	227223
873	215592
873	178353
873	200160
873	97481
873	30790
873	182858
873	153306
873	153618
873	150530
873	215699
873	247254
873	12696
873	128294
873	18653
873	165705
873	172971
873	180932
873	10641
873	198879
873	183126
873	51783
873	212264
873	27570
873	151687
873	55352
873	134189
873	136535
875	10513
875	44494
875	71056
875	44979
875	83764
875	211296
875	107722
875	197981
875	30315
875	104442
875	155046
875	249865
875	212181
875	252140
875	128853
875	82938
875	136947
875	63557
875	133379
875	248068
875	119303
875	179997
875	156545
876	169301
877	122460
879	1398
881	83778
882	103091
883	14551
883	227953
883	190305
883	241761
883	110340
884	97752
884	209350
884	98907
885	3265
885	169627
885	64126
885	17204
885	162523
885	212230
885	194816
885	159399
885	135790
885	238228
885	40813
885	8234
885	89023
885	5755
886	184293
886	13323
886	248928
886	232858
887	214293
887	252052
887	180832
887	68968
888	101238
888	50024
888	77755
888	82782
888	22427
888	189032
888	99269
888	28752
888	47758
888	242183
888	51687
888	116496
888	173830
889	162813
889	141625
889	94320
889	221009
889	93323
889	12839
889	120938
889	169348
890	45163
890	240512
890	63128
890	89096
892	163528
893	23504
893	24213
893	21276
894	121534
894	223632
894	1255
894	205531
896	227854
900	133307
902	101163
902	48122
902	130152
904	217733
904	240085
904	148956
904	251174
905	102738
905	221746
905	185801
905	28379
905	109924
907	103654
912	92938
913	88855
913	199842
913	138969
913	244627
913	181438
913	200135
917	33807
917	211271
917	173560
917	248447
917	32320
917	106983
917	139446
917	108770
917	87749
917	215292
917	57418
917	233309
917	109323
917	102174
917	38398
917	133773
917	4704
921	230578
921	229399
921	252530
921	62397
921	74241
921	57426
921	68726
921	35586
921	80605
921	246993
921	207326
921	227159
921	36783
921	218755
921	191544
921	225253
921	163337
921	6305
921	76463
921	236684
921	15719
921	145107
921	126334
924	113156
926	64491
926	168701
926	166649
926	2066
928	55486
928	46816
928	88754
928	79311
928	213260
928	167332
928	225364
928	104529
928	182860
928	82600
928	96099
928	31615
928	112595
928	56999
928	203625
928	182035
928	34304
928	219935
928	169516
928	132874
928	181075
928	39998
928	152894
928	185114
928	181877
928	97086
928	180896
928	139968
928	96044
928	1265
928	148219
928	49580
928	65451
928	65951
928	250829
928	7295
928	112488
928	15459
928	247926
928	210392
928	248707
928	242845
928	176188
928	144134
928	33611
928	87867
928	144389
928	21138
928	67901
928	208156
928	142649
928	178578
928	130942
928	89354
928	119555
928	174750
928	73058
928	38347
928	243953
928	127826
928	72359
928	111004
928	130102
928	41325
928	136413
928	76044
928	49982
928	200020
928	39347
928	85406
928	90140
928	58075
928	213122
928	200039
928	87656
928	153233
928	176246
928	212412
928	217484
